     0/199     5.31G       2.3     0.673         0      2.97        16       480     0.206      2.84      2.32      0.52
best test iou: 0.2055724710226059
     1/199     5.31G      1.64      0.45         0      2.09        16       384     0.379      2.26      1.74     0.521
best test iou: 0.37876302003860474
     2/199     5.31G       1.4     0.416         0      1.82        16       384     0.427      2.15      1.64     0.511
best test iou: 0.4272864758968353
     3/199     5.31G      1.28     0.385         0      1.67        16       416     0.435      2.11      1.64     0.474
best test iou: 0.43532317876815796
     4/199     5.31G      1.21     0.367         0      1.58        16       480     0.462      2.12      1.66     0.454
best test iou: 0.462152361869812
     5/199     5.31G      1.18     0.356         0      1.54        16       480     0.501      1.98      1.51     0.469
best test iou: 0.5014089345932007
     6/199     5.31G      1.14     0.334         0      1.48        16       384      0.51      1.93      1.47     0.462
best test iou: 0.5103331804275513
     7/199     5.31G      1.12     0.333         0      1.46        16       384     0.498      1.97       1.5     0.466
     8/199     5.31G       1.1     0.323         0      1.42        16       416     0.501      1.98      1.51     0.472
     9/199     5.31G      1.05     0.317         0      1.37        16       480     0.505         2      1.53      0.47
    10/199     5.31G      1.05      0.31         0      1.36        16       480     0.445      2.19      1.75     0.436
    11/199     5.31G      1.03     0.308         0      1.34        16       416     0.509      1.98      1.54     0.448
    12/199     5.32G      1.01     0.298         0       1.3        16       224      0.52      1.92      1.46     0.457
best test iou: 0.5203767418861389
    13/199     5.32G      1.01     0.295         0       1.3        16       256     0.528       1.9      1.45     0.453
best test iou: 0.5277807116508484
    14/199     5.32G         1     0.298         0       1.3        16       320     0.526      1.94      1.49     0.448
    15/199     5.32G         1     0.295         0       1.3        16       480     0.555      1.95      1.51     0.442
best test iou: 0.55487060546875
    16/199     5.32G         1     0.292         0      1.29        16       416     0.548       1.9      1.46     0.445
    17/199     5.31G     0.977     0.291         0      1.27        16       480     0.562      1.84      1.38     0.454
best test iou: 0.5618075132369995
    18/199     5.31G     0.959     0.277         0      1.24        16       384     0.561      1.78      1.33     0.447
    19/199     5.31G     0.924     0.283         0      1.21        16       384     0.566      1.82      1.37     0.449
best test iou: 0.5663353204727173
    20/199     5.31G     0.914     0.279         0      1.19        16       416     0.565      1.83      1.39     0.435
    21/199     5.31G     0.919     0.279         0       1.2        16       480     0.572      1.84      1.38     0.456
best test iou: 0.5717247128486633
    22/199     5.31G     0.897     0.274         0      1.17        16       480     0.561      1.82      1.38     0.439
    23/199     5.31G     0.891     0.276         0      1.17        16       416      0.56      1.82      1.38     0.444
    24/199     5.32G     0.906     0.271         0      1.18        16       224     0.559      1.87      1.41     0.455
    25/199     5.32G     0.897     0.269         0      1.17        16       256     0.554      1.84      1.37     0.471
    26/199     5.32G     0.889     0.274         0      1.16        16       320     0.582      1.76       1.3     0.456
best test iou: 0.582114040851593
    27/199     5.32G     0.884     0.273         0      1.16        16       480     0.544      1.94      1.46     0.473
    28/199     5.32G     0.906     0.271         0      1.18        16       416     0.561      1.87      1.42     0.446
    29/199     5.32G     0.915     0.267         0      1.18        16       384     0.583      1.79      1.34     0.448
best test iou: 0.5827857851982117
    30/199     5.32G       0.9     0.264         0      1.16        16       320     0.569      1.81      1.37     0.443
    31/199     5.32G     0.867     0.263         0      1.13        16       224     0.598       1.7      1.26     0.443
best test iou: 0.598130464553833
    32/199     5.32G     0.865     0.267         0      1.13        16       224     0.566      1.86      1.39     0.467
    33/199     5.32G     0.877     0.267         0      1.14        16       384     0.587      1.74      1.28     0.457
    34/199     5.32G     0.858     0.262         0      1.12        15       352      0.57      1.83      1.37     0.458
    35/199     5.32G     0.871     0.264         0      1.13        16       224     0.576      1.73      1.28     0.447
    36/199     5.32G     0.855     0.262         0      1.12        15       480      0.57      1.82      1.38     0.435
    37/199     5.32G     0.843     0.255         0       1.1        15       480     0.577      1.78      1.34     0.447
    38/199     5.32G     0.832     0.252         0      1.08        16       448     0.568      1.76      1.32     0.434
    39/199     5.32G     0.823     0.258         0      1.08        16       288     0.588      1.71      1.27     0.441
    40/199     5.32G     0.823      0.26         0      1.08        16       480     0.554      1.84      1.38     0.464
    41/199     5.32G     0.845      0.26         0      1.11        16       384     0.565      1.82      1.37     0.457
    42/199     5.32G     0.863     0.264         0      1.13        15       448      0.57      1.79      1.34     0.448
    43/199     5.32G     0.848     0.257         0       1.1        16       320     0.553       1.8      1.34     0.457
    44/199     5.31G     0.851     0.263         0      1.11        16       480     0.562      1.85      1.39     0.461
best test iou: 0.562100350856781
    45/199     5.31G     0.847     0.252         0       1.1        16       384     0.586      1.79      1.35     0.445
best test iou: 0.5856008529663086
    46/199     5.31G     0.853      0.26         0      1.11        16       480     0.584      1.76      1.33     0.435
best test iou: 0.5839642286300659
    47/199     5.31G     0.831     0.249         0      1.08        16       384      0.59      1.73      1.29     0.444
best test iou: 0.5900755524635315
    48/199     5.31G     0.832     0.257         0      1.09        16       384     0.579      1.73       1.3     0.432
    49/199     5.31G     0.809     0.254         0      1.06        16       416     0.604      1.71      1.29     0.422
best test iou: 0.6037938594818115
    50/199     5.31G     0.802     0.254         0      1.06        16       480     0.575      1.77      1.31     0.459
    51/199     5.31G     0.809     0.252         0      1.06        16       480      0.57      1.83      1.37     0.466
    52/199     5.31G     0.803     0.253         0      1.06        16       416     0.571      1.76      1.31     0.449
    53/199     5.32G     0.795     0.249         0      1.04        16       224     0.583      1.75      1.29     0.467
    54/199     5.32G       0.8     0.249         0      1.05        16       256     0.595       1.7      1.26     0.437
    55/199     5.32G     0.804     0.254         0      1.06        16       320     0.578      1.79      1.32     0.468
    56/199     5.32G     0.804     0.254         0      1.06        16       480     0.591      1.76      1.28     0.482
    57/199     5.32G     0.797      0.25         0      1.05        16       416     0.589      1.77      1.31     0.456
    58/199     5.32G     0.791     0.247         0      1.04        16       384     0.575      1.75      1.29      0.46
    59/199     5.32G     0.768     0.243         0      1.01        16       320     0.596       1.7      1.25     0.446
    60/199     5.32G     0.762     0.244         0      1.01        16       224     0.586      1.71      1.26     0.444
    61/199     5.32G     0.766     0.247         0      1.01        16       224     0.569      1.78      1.33     0.446
    62/199     5.32G     0.771     0.248         0      1.02        16       384     0.587      1.74      1.29     0.452
    63/199     5.32G     0.771     0.243         0      1.01        15       352     0.595      1.71      1.26     0.449
    64/199     5.32G     0.771     0.246         0      1.02        16       224     0.603      1.69      1.23     0.454
    65/199     5.32G     0.761     0.245         0      1.01        15       480     0.594      1.67      1.21     0.458
    66/199     5.32G     0.754     0.238         0     0.992        15       480       0.6       1.7      1.26     0.438
    67/199     5.32G     0.768     0.237         0         1        16       448     0.578      1.77      1.31     0.461
    68/199     5.32G     0.771     0.244         0      1.01        16       288     0.556       1.8      1.36     0.448
    69/199     5.32G     0.769     0.245         0      1.01        16       480      0.59      1.72      1.27     0.452
    70/199     5.32G     0.773     0.245         0      1.02        16       384     0.581      1.74       1.3     0.439
    71/199     5.32G     0.781     0.248         0      1.03        15       448     0.602      1.68      1.25     0.436
    72/199     5.32G      0.76     0.242         0         1        16       320     0.561      1.85      1.37     0.474
    73/199     5.32G     0.759     0.246         0         1        16       416     0.599       1.7      1.24     0.452
    74/199     5.32G     0.759     0.241         0         1        16       256     0.585      1.75      1.31     0.439
    75/199     5.32G     0.759     0.241         0         1        16       480     0.571      1.82      1.36      0.46
    76/199     5.32G     0.753      0.24         0     0.993        16       224     0.601      1.69      1.24     0.453
    77/199     5.32G     0.745     0.235         0      0.98        16       320     0.586      1.72      1.26     0.463
    78/199     5.32G     0.748     0.242         0      0.99        16       480     0.586      1.76      1.29     0.473
    79/199     5.32G     0.742     0.243         0     0.985        16       320     0.603      1.69      1.23      0.46
    80/199     5.32G     0.734     0.236         0      0.97        16       352     0.598      1.68      1.24     0.445
    81/199     5.32G     0.735      0.24         0     0.976        16       256     0.573      1.82      1.36     0.459
    82/199     5.32G     0.732      0.24         0     0.972        16       384     0.597       1.7      1.24     0.459
    83/199     5.32G     0.735     0.235         0      0.97        16       480     0.604      1.69      1.24     0.445
best test iou: 0.6040349006652832
    84/199     5.32G     0.732     0.237         0      0.97        16       256     0.596      1.69      1.24      0.45
    85/199     5.32G     0.736     0.236         0     0.972        16       320     0.593      1.75      1.31     0.438
    86/199     5.32G     0.737     0.239         0     0.976        16       256     0.571      1.78      1.33     0.456
    87/199     5.32G     0.742     0.243         0     0.985        16       416     0.569      1.79      1.34     0.448
    88/199     5.32G     0.754     0.241         0     0.994        16       352     0.564      1.82      1.37     0.458
    89/199     5.32G     0.753     0.236         0     0.989        16       256     0.579      1.77      1.31     0.457
    90/199     5.32G     0.751     0.236         0     0.987        16       256     0.589      1.75      1.29     0.461
    91/199     5.32G     0.755     0.236         0     0.991        15       352     0.587      1.74      1.28     0.459
    92/199     5.32G     0.748     0.238         0     0.987        16       480     0.588      1.73      1.28     0.447
    93/199     5.32G     0.737     0.238         0     0.975        16       224     0.602      1.68      1.22     0.463
    94/199     5.32G     0.729      0.24         0     0.968        15       288     0.593      1.67      1.23      0.45
    95/199     5.32G     0.729     0.232         0     0.961        16       352     0.583      1.75      1.28     0.463
    96/199     5.32G     0.736     0.239         0     0.975        16       288     0.599      1.67      1.24     0.435
    97/199     5.32G     0.727     0.234         0     0.961        16       288     0.595      1.68      1.24     0.437
    98/199     5.32G     0.737     0.242         0     0.979        15       320     0.584      1.73      1.28     0.451
    99/199     5.32G     0.744     0.237         0     0.981        15       288     0.592      1.75      1.29     0.454
   100/199     5.32G     0.753     0.238         0     0.991        16       224     0.605      1.65      1.22     0.431
best test iou: 0.6051560044288635
   101/199     5.32G     0.744     0.233         0     0.977        16       288     0.606      1.66      1.22     0.442
best test iou: 0.6059399247169495
   102/199     5.32G     0.743     0.237         0      0.98        16       288     0.599      1.69      1.24     0.451
   103/199     5.32G     0.737     0.233         0      0.97        16       448     0.571      1.83      1.37     0.458
   104/199     5.32G     0.733     0.236         0     0.969        16       352     0.596       1.7      1.25     0.444
   105/199     5.32G     0.735     0.231         0     0.965        16       288     0.592      1.71      1.27     0.442
   106/199     5.32G      0.74     0.236         0     0.976        15       448     0.603      1.67      1.23     0.439
   107/199     5.32G      0.74     0.235         0     0.974        16       288     0.613      1.69      1.24      0.45
best test iou: 0.613324761390686
   108/199     5.32G     0.755     0.236         0      0.99        16       448     0.598       1.7      1.25     0.451
   109/199     5.32G     0.749     0.237         0     0.986        16       320     0.601      1.67      1.22     0.449
   110/199     5.32G     0.739     0.232         0     0.971        16       448      0.61      1.68      1.24     0.442
   111/199     5.32G     0.729     0.229         0     0.957        16       288     0.589      1.74      1.28     0.455
   112/199     5.32G      0.73     0.229         0      0.96        16       352     0.559      1.86      1.42     0.446
   113/199     5.32G     0.728      0.23         0     0.958        16       384     0.605      1.73      1.26     0.464
   114/199     5.32G     0.726     0.234         0      0.96        16       384     0.588      1.75      1.27     0.482
   115/199     5.32G     0.725     0.234         0     0.959        16       288     0.612      1.65      1.22     0.435
   116/199     5.32G     0.725     0.231         0     0.955        16       480     0.586      1.78      1.31     0.472
   117/199     5.32G     0.723      0.23         0     0.953        16       224     0.588      1.75      1.29      0.46
   118/199     5.32G      0.72     0.231         0     0.951        16       224     0.606      1.67      1.22     0.447
   119/199     5.32G     0.718     0.227         0     0.945        15       416     0.606      1.67      1.22     0.452
   120/199     5.32G     0.724     0.226         0      0.95        16       288     0.597       1.7      1.24     0.466
   121/199     5.32G     0.718      0.23         0     0.948        16       480     0.584      1.79      1.34     0.449
   122/199     5.32G      0.72     0.228         0     0.947        16       384     0.605      1.72      1.25      0.47
   123/199     5.32G     0.715     0.225         0      0.94        16       320     0.584      1.77      1.32     0.448
   124/199     5.32G     0.718     0.225         0     0.943        16       384     0.603      1.71      1.24     0.474
   125/199     5.32G     0.718     0.228         0     0.946        16       416     0.595      1.73      1.28     0.454
   126/199     5.32G     0.709     0.228         0     0.937        16       288     0.587      1.75      1.29      0.46
   127/199     5.32G     0.711     0.229         0      0.94        16       416     0.604      1.71      1.22      0.49
   128/199     5.32G     0.709      0.23         0     0.939        15       480     0.594      1.73      1.28     0.456
   129/199     5.32G     0.709     0.231         0     0.941        16       416      0.59      1.76      1.29     0.467
   130/199     5.32G     0.712     0.229         0     0.941        16       416     0.595      1.71      1.26     0.453
   131/199     5.32G     0.702     0.227         0     0.929        15       448     0.575      1.82      1.34     0.477
   132/199     5.32G     0.696     0.224         0      0.92        16       256     0.605      1.69      1.24     0.445
   133/199     5.32G     0.703     0.228         0     0.931        16       480     0.608      1.71      1.26      0.45
   134/199     5.32G     0.696     0.229         0     0.925        16       352     0.607      1.68      1.23     0.453
   135/199     5.32G     0.692     0.229         0     0.921        16       416     0.595      1.73      1.28     0.443
   136/199     5.32G     0.695     0.229         0     0.924        16       320     0.607      1.69      1.24     0.451
   137/199     5.32G     0.689     0.224         0     0.912        16       320     0.607      1.68      1.24     0.444
   138/199     5.32G     0.682     0.231         0     0.913        16       256     0.612      1.64       1.2     0.437
   139/199     5.32G     0.676     0.227         0     0.903        16       288     0.615      1.64      1.21     0.438
best test iou: 0.6154953837394714
   140/199     5.32G     0.677     0.224         0     0.901        16       352     0.609      1.61      1.18     0.431
   141/199     5.32G     0.682     0.229         0     0.911        16       224     0.602      1.64       1.2     0.444
   142/199     5.32G     0.672     0.225         0     0.897        16       416     0.607      1.66       1.2     0.457
   143/199     5.32G     0.665     0.219         0     0.884        16       320     0.608      1.64       1.2     0.445
   144/199     5.32G      0.67     0.223         0     0.893        16       320      0.62      1.63      1.18     0.452
best test iou: 0.6197402477264404
   145/199     5.32G     0.672     0.227         0     0.899        16       256     0.611      1.65      1.21     0.441
   146/199     5.32G     0.678     0.223         0     0.902        16       256     0.606      1.65      1.21      0.44
   147/199     5.32G     0.672     0.225         0     0.897        16       352     0.596      1.72      1.26     0.457
   148/199     5.32G     0.671     0.225         0     0.896        16       352     0.613      1.62      1.17     0.445
   149/199     5.32G     0.664     0.223         0     0.887        16       320     0.606      1.68      1.23     0.444
   150/199     5.32G     0.676     0.226         0     0.902        16       384     0.619      1.61      1.16     0.455
   151/199     5.32G     0.667     0.222         0     0.889        16       288     0.617      1.66       1.2     0.454
   152/199     5.32G     0.672     0.224         0     0.896        16       416     0.613      1.63      1.18     0.442
   153/199     5.32G     0.667     0.227         0     0.894        16       224      0.61      1.64       1.2     0.438
   154/199     5.32G     0.676      0.22         0     0.896        16       288     0.594      1.72      1.27     0.446
   155/199     5.32G     0.679     0.224         0     0.903        16       480     0.619      1.61      1.17     0.447
   156/199     5.32G     0.665     0.222         0     0.887        16       480     0.614      1.64       1.2     0.433
   157/199     5.32G     0.663      0.22         0     0.882        16       352     0.608      1.66      1.22     0.441
   158/199     5.32G     0.657     0.218         0     0.875        16       352     0.598      1.69      1.25      0.45
   159/199     5.32G     0.659      0.22         0     0.879        16       448     0.595      1.71      1.25      0.46
   160/199     5.32G     0.664     0.221         0     0.885        16       224     0.597      1.69      1.23     0.452
   161/199     5.32G     0.657     0.219         0     0.876        16       480      0.59      1.75      1.29     0.456
   162/199     5.32G     0.654     0.219         0     0.873        15       256     0.613      1.65      1.21     0.434
   163/199     5.32G     0.671     0.224         0     0.895        16       448     0.596      1.72      1.27     0.453
   164/199     5.32G     0.658      0.22         0     0.878        16       320     0.601      1.69      1.23     0.463
   165/199     5.32G     0.658     0.221         0     0.879        16       288     0.597      1.71      1.26      0.45
   166/199     5.32G     0.662     0.224         0     0.887        16       384     0.618      1.62      1.18     0.445
   167/199     5.32G     0.661     0.215         0     0.876        16       288     0.613      1.63      1.17     0.454
   168/199     5.32G     0.654     0.223         0     0.877        16       320     0.592      1.73      1.28     0.445
   169/199     5.32G     0.663     0.227         0      0.89        16       320     0.625      1.59      1.15     0.438
best test iou: 0.6249113082885742
   170/199     5.32G     0.665     0.225         0     0.889        16       480     0.619      1.63      1.19     0.445
   171/199     5.32G     0.662     0.223         0     0.885        16       480     0.571       1.8      1.34     0.464
   172/199     5.32G     0.663     0.218         0     0.881        16       320     0.594      1.69      1.24     0.452
   173/199     5.32G     0.656     0.219         0     0.875        15       384     0.611      1.62      1.18     0.441
   174/199     5.32G     0.643     0.214         0     0.856        16       480     0.594      1.74      1.28     0.467
   175/199     5.32G     0.645     0.221         0     0.866        16       320     0.608      1.66      1.21     0.454
   176/199     5.32G     0.655     0.221         0     0.876        16       224     0.609      1.65      1.21     0.443
   177/199     5.32G     0.655     0.215         0      0.87        16       448     0.619      1.65      1.19      0.46
   178/199     5.32G     0.667      0.22         0     0.887        15       416     0.606      1.66      1.21     0.447
   179/199     5.32G     0.653     0.216         0     0.869        16       256     0.612      1.65      1.21      0.44
   180/199     5.32G     0.652     0.219         0     0.871        16       480     0.583      1.77       1.3     0.465
   181/199     5.32G     0.644     0.222         0     0.866        16       480     0.587      1.78      1.32     0.458
   182/199     5.32G      0.65     0.221         0     0.871        16       448     0.606      1.68      1.23      0.45
   183/199     5.32G      0.67     0.219         0     0.889        16       288      0.61      1.67      1.22     0.445
   184/199     5.32G     0.664     0.221         0     0.885        16       224     0.605      1.68      1.24     0.446
   185/199     5.32G     0.663     0.219         0     0.882        16       480     0.618      1.64      1.19     0.453
   186/199     5.32G     0.669     0.217         0     0.886        16       320     0.607      1.65       1.2     0.449
   187/199     5.32G     0.671     0.216         0     0.887        15       224     0.622       1.6      1.18     0.427
   188/199     5.32G     0.669     0.219         0     0.889        16       480     0.614      1.66      1.23     0.434
   189/199     5.32G     0.674     0.222         0     0.896        15       480     0.604      1.69      1.24     0.451
   190/199     5.32G     0.667     0.217         0     0.884        15       416     0.603       1.7      1.24     0.459
   191/199     5.32G     0.667     0.217         0     0.884        16       224     0.612      1.67      1.22     0.449
   192/199     5.32G     0.673     0.222         0     0.895        16       384     0.608      1.66      1.22     0.445
   193/199     5.32G     0.675     0.224         0     0.899        15       320     0.615      1.64      1.21     0.437
   194/199     5.32G     0.664     0.216         0      0.88        16       288      0.61      1.68      1.23     0.449
   195/199     5.32G     0.658     0.217         0     0.875        16       352     0.617      1.64      1.21     0.435
   196/199     5.32G     0.665     0.215         0      0.88        16       224     0.607      1.68      1.22     0.455
   197/199     5.32G     0.669     0.221         0     0.889        16       384     0.624       1.6      1.17     0.427
   198/199     5.32G     0.664      0.22         0     0.884        16       256     0.619      1.61      1.18      0.43
   199/199     5.32G     0.664     0.219         0     0.883        16       384      0.62      1.62      1.17     0.449
