     0/499     5.31G      2.26     0.707         0      2.96        16       480     0.259      2.62      2.11     0.503
best test iou: 0.2587241530418396
     1/499     5.31G      1.63     0.451         0      2.08        16       384     0.344      2.35      1.78     0.567
best test iou: 0.3444472849369049
     2/499     5.31G       1.4     0.417         0      1.82        16       384     0.395      2.25      1.78     0.475
best test iou: 0.3954029679298401
     3/499     5.31G      1.27     0.385         0      1.65        16       416     0.432      2.11      1.61     0.499
best test iou: 0.4323098063468933
     4/499     5.31G      1.19     0.365         0      1.56        16       480     0.417      2.21      1.74     0.464
     5/499     5.31G      1.13     0.346         0      1.48        16       480     0.446      2.11      1.66     0.451
best test iou: 0.445749431848526
     6/499     5.31G      1.11     0.339         0      1.45        16       416      0.41      2.21      1.71     0.498
     7/499     5.32G      1.07     0.323         0       1.4        16       224       0.5      1.97      1.51      0.46
best test iou: 0.500011146068573
     8/499     5.32G      1.06     0.317         0      1.37        16       256     0.496      1.98       1.5     0.475
     9/499     5.32G      1.04     0.317         0      1.36        16       320     0.481      2.02      1.58     0.443
    10/499     5.32G      1.04     0.312         0      1.35        16       480     0.515      1.95      1.49     0.453
best test iou: 0.5152258276939392
    11/499     5.32G      1.03     0.307         0      1.33        16       416     0.514      1.92      1.46     0.456
    12/499     5.32G     0.993     0.297         0      1.29        16       384     0.475      2.13      1.66     0.462
    13/499     5.32G     0.969     0.292         0      1.26        16       320     0.519      1.98      1.51     0.462
best test iou: 0.5191494822502136
    14/499     5.32G     0.963     0.291         0      1.25        16       224      0.56      1.77      1.31     0.462
best test iou: 0.5598814487457275
    15/499     5.32G     0.947     0.292         0      1.24        16       224     0.531      1.91      1.46     0.457
    16/499     5.32G     0.945     0.291         0      1.24        16       384      0.55      1.79      1.35     0.443
    17/499     5.32G     0.946     0.284         0      1.23        15       352     0.553      1.82      1.37     0.456
    18/499     5.32G     0.954     0.285         0      1.24        16       224     0.534      1.86      1.41     0.456
    19/499     5.32G     0.955     0.283         0      1.24        15       480     0.533      1.89      1.43     0.455
    20/499     5.32G     0.939     0.277         0      1.22        15       480     0.536       1.9      1.45     0.456
    21/499     5.32G     0.928     0.271         0       1.2        16       448     0.536      1.87      1.39     0.477
    22/499     5.32G     0.915     0.278         0      1.19        16       288     0.542      1.82      1.36     0.464
    23/499     5.32G     0.916     0.279         0      1.19        16       480      0.54      1.86       1.4     0.455
    24/499     5.32G     0.912     0.279         0      1.19        16       384     0.562      1.77      1.32     0.448
best test iou: 0.5623762607574463
    25/499     5.32G     0.911      0.28         0      1.19        15       448     0.531      1.83      1.38     0.451
    26/499     5.32G      0.92     0.274         0      1.19        16       320     0.561      1.81      1.37     0.446
    27/499     5.32G     0.918     0.277         0       1.2        16       416     0.548      1.78      1.33     0.442
    28/499     5.32G     0.887      0.27         0      1.16        16       256     0.551      1.81      1.34     0.471
    29/499     5.32G     0.882     0.271         0      1.15        16       480     0.544      1.86      1.42      0.44
    30/499     5.32G     0.892     0.269         0      1.16        16       224     0.544      1.84      1.39     0.455
    31/499     5.32G     0.911     0.265         0      1.18        16       320     0.543      1.86      1.41      0.45
    32/499     5.32G     0.901     0.272         0      1.17        16       480     0.502      1.99      1.54     0.456
    33/499     5.32G     0.903     0.271         0      1.17        16       320     0.524      1.89      1.47     0.421
    34/499     5.32G     0.913     0.265         0      1.18        16       352     0.548      1.81      1.34     0.466
    35/499     5.32G     0.887     0.269         0      1.16        16       256       0.6      1.67      1.24     0.429
best test iou: 0.599651038646698
    36/499     5.32G     0.885      0.27         0      1.15        16       384     0.568       1.8      1.32     0.476
    37/499     5.32G     0.927     0.263         0      1.19        16       480     0.577      1.77      1.33     0.438
    38/499     5.32G     0.902     0.265         0      1.17        16       256     0.539      1.88      1.42      0.46
    39/499     5.32G     0.889     0.263         0      1.15        16       320     0.559       1.8      1.35     0.451
    40/499     5.32G       0.9     0.266         0      1.17        16       256     0.582      1.71      1.26     0.444
    41/499     5.32G     0.915      0.27         0      1.19        16       416     0.533      1.91      1.47     0.435
    42/499     5.32G     0.926     0.269         0      1.19        16       352     0.558      1.92      1.43      0.49
    43/499     5.32G     0.902     0.261         0      1.16        16       256     0.587      1.83      1.32     0.501
    44/499     5.32G     0.903     0.261         0      1.16        16       256     0.545      1.87       1.4     0.468
    45/499     5.32G     0.901     0.261         0      1.16        15       352     0.582      1.79      1.34      0.45
    46/499     5.32G     0.897     0.263         0      1.16        16       480     0.583      1.75      1.31     0.447
    47/499     5.32G     0.902     0.266         0      1.17        16       224     0.578      1.76      1.31     0.448
    48/499     5.32G     0.896     0.269         0      1.17        15       288     0.595      1.68      1.26      0.42
    49/499     5.32G     0.886     0.259         0      1.14        16       352     0.531      1.93       1.5     0.432
    50/499     5.32G     0.905     0.268         0      1.17        16       288     0.589      1.77      1.32     0.451
    51/499     5.32G     0.892     0.263         0      1.15        16       288     0.596      1.66       1.2     0.456
    52/499     5.32G     0.894      0.27         0      1.16        15       320     0.567      1.84      1.41     0.437
    53/499     5.32G     0.896     0.264         0      1.16        15       288     0.594      1.73      1.28     0.445
    54/499     5.32G     0.912     0.266         0      1.18        16       224     0.556      1.84      1.41     0.426
    55/499     5.32G     0.918      0.26         0      1.18        16       288     0.582      1.79      1.34     0.445
    56/499     5.32G     0.943     0.266         0      1.21        16       288     0.572      1.83      1.38     0.451
    57/499     5.32G     0.932     0.262         0      1.19        16       448     0.586       1.8      1.34     0.467
    58/499     5.32G     0.902     0.263         0      1.16        16       352     0.578      1.74      1.31     0.428
    59/499     5.32G     0.904     0.257         0      1.16        16       288     0.558      1.83      1.38     0.447
    60/499     5.32G     0.909     0.263         0      1.17        15       448     0.575      1.83      1.38     0.455
    61/499     5.32G     0.919     0.261         0      1.18        16       288     0.576       1.8      1.33     0.469
    62/499     5.32G     0.899      0.26         0      1.16        16       448     0.567      1.88      1.41     0.474
    63/499     5.32G     0.888     0.262         0      1.15        16       320      0.58      1.76      1.33     0.434
    64/499     5.32G     0.905      0.26         0      1.16        16       448     0.558      1.83      1.35      0.48
    65/499     5.32G     0.873     0.254         0      1.13        16       288     0.567      1.81      1.38      0.43
    66/499     5.32G     0.886     0.257         0      1.14        16       352     0.556      1.87      1.43     0.445
    67/499     5.32G     0.892     0.257         0      1.15        16       384     0.553      1.82      1.39     0.434
    68/499     5.32G     0.894     0.262         0      1.16        16       384     0.565      1.84      1.37     0.473
    69/499     5.32G     0.897     0.261         0      1.16        16       288     0.602       1.7      1.26     0.442
best test iou: 0.6022467017173767
    70/499     5.32G     0.897     0.259         0      1.16        16       480     0.573      1.78       1.3      0.48
    71/499     5.32G     0.874     0.258         0      1.13        16       224     0.531      1.91      1.47      0.44
    72/499     5.32G     0.894      0.26         0      1.15        16       224     0.604       1.7      1.27      0.43
best test iou: 0.6038017868995667
    73/499     5.32G     0.907     0.256         0      1.16        15       416     0.583      1.85      1.36     0.488
    74/499     5.32G     0.895     0.255         0      1.15        16       288     0.579      1.76      1.31     0.448
    75/499     5.32G     0.916      0.26         0      1.18        16       480     0.557      1.87      1.43     0.441
    76/499     5.32G       0.9     0.256         0      1.16        16       384     0.547      1.85      1.38     0.464
    77/499     5.32G      0.92     0.256         0      1.18        16       320      0.55      1.86      1.42     0.437
    78/499     5.32G     0.885     0.252         0      1.14        16       384     0.547      1.85      1.41     0.449
    79/499     5.32G     0.896     0.256         0      1.15        16       416       0.6      1.75      1.31     0.443
    80/499     5.32G     0.894     0.255         0      1.15        16       288      0.58      1.79      1.33     0.457
    81/499     5.32G     0.899     0.257         0      1.16        16       416     0.567      1.84      1.35     0.489
    82/499     5.32G     0.907     0.259         0      1.17        15       480     0.557      1.82      1.38     0.437
    83/499     5.32G     0.886     0.259         0      1.15        16       416     0.595      1.71      1.27     0.438
    84/499     5.32G     0.903     0.258         0      1.16        16       416     0.573      1.85      1.42     0.432
    85/499     5.32G     0.866     0.253         0      1.12        15       448     0.562      1.91      1.38     0.533
    86/499     5.32G     0.884     0.253         0      1.14        16       256     0.549      1.84       1.4     0.443
    87/499     5.32G     0.867     0.257         0      1.12        16       480     0.584      1.71      1.29     0.416
    88/499     5.32G     0.867     0.257         0      1.12        16       352     0.593      1.78      1.28     0.505
    89/499     5.32G     0.877     0.258         0      1.14        16       416     0.519      1.94      1.48     0.461
    90/499     5.32G     0.874     0.258         0      1.13        16       320     0.593      1.78      1.33     0.455
    91/499     5.32G     0.858      0.25         0      1.11        16       320     0.584      1.77      1.32     0.446
    92/499     5.32G     0.879     0.262         0      1.14        16       256     0.599      1.73       1.3     0.434
    93/499     5.32G     0.879     0.258         0      1.14        16       288     0.553      1.86      1.43     0.428
    94/499     5.32G     0.873     0.255         0      1.13        16       352     0.593      1.76      1.31     0.451
    95/499     5.32G     0.885     0.259         0      1.14        16       224     0.578      1.75      1.29     0.452
    96/499     5.32G     0.907     0.256         0      1.16        16       416     0.488      2.09      1.56     0.522
    97/499     5.32G     0.911     0.252         0      1.16        16       320      0.58      1.75      1.31     0.442
    98/499     5.32G     0.895     0.255         0      1.15        16       320     0.592       1.7      1.29     0.406
    99/499     5.32G     0.863     0.258         0      1.12        16       256     0.583      1.74      1.31     0.431
   100/499     5.32G     0.862     0.254         0      1.12        16       256     0.554      1.83      1.37      0.46
   101/499     5.32G     0.876     0.257         0      1.13        16       352     0.586      1.78      1.35     0.432
   102/499     5.32G     0.863     0.256         0      1.12        16       352     0.588       1.7      1.27     0.433
   103/499     5.32G     0.894     0.256         0      1.15        16       320     0.588      1.76      1.31     0.449
   104/499     5.32G     0.869     0.258         0      1.13        16       384      0.59      1.72      1.29     0.435
   105/499     5.32G     0.874     0.253         0      1.13        16       288     0.577      1.81      1.34     0.473
   106/499     5.32G     0.877     0.254         0      1.13        16       416     0.585      1.78      1.35     0.422
   107/499     5.32G     0.855     0.259         0      1.11        16       224     0.553      1.88      1.44     0.447
   108/499     5.32G     0.865      0.25         0      1.11        16       288     0.571      1.87      1.39     0.477
   109/499     5.32G     0.903     0.255         0      1.16        16       480     0.572      1.82      1.36     0.461
   110/499     5.32G     0.872     0.254         0      1.13        16       480     0.537      1.82      1.36     0.458
   111/499     5.32G     0.853     0.251         0       1.1        16       352     0.593      1.71       1.3     0.405
   112/499     5.32G     0.884     0.251         0      1.14        16       352      0.55      1.87      1.41     0.468
   113/499     5.32G     0.909     0.253         0      1.16        16       448     0.537      1.92      1.51      0.41
   114/499     5.32G      0.88     0.253         0      1.13        16       224     0.527      1.89       1.4     0.494
   115/499     5.32G     0.854     0.251         0      1.11        16       480     0.505      2.01      1.56     0.447
   116/499     5.32G     0.843      0.25         0      1.09        15       256      0.58       1.7      1.25      0.45
   117/499     5.32G     0.876     0.256         0      1.13        16       448     0.583      1.81      1.35     0.455
   118/499     5.32G     0.859     0.251         0      1.11        16       320     0.591      1.77      1.28      0.49
   119/499     5.32G      0.89     0.254         0      1.14        16       288     0.574       1.8      1.38     0.426
   120/499     5.32G     0.916     0.259         0      1.17        16       384     0.576       1.8      1.37     0.426
   121/499     5.32G      0.89     0.246         0      1.14        16       288     0.553      1.84      1.38     0.462
   122/499     5.32G      0.89     0.257         0      1.15        16       320     0.535      1.83       1.4     0.432
   123/499     5.32G     0.905     0.261         0      1.17        16       320     0.591      1.71      1.29     0.418
   124/499     5.32G     0.893     0.259         0      1.15        16       480     0.569      1.76      1.32     0.439
   125/499     5.32G     0.848     0.253         0       1.1        16       480      0.55      1.89      1.47     0.412
   126/499     5.32G     0.869     0.249         0      1.12        16       320      0.58      1.76       1.3     0.452
   127/499     5.32G     0.871     0.251         0      1.12        15       384     0.534       1.9      1.38     0.527
   128/499     5.32G     0.882     0.246         0      1.13        16       480     0.598      1.77      1.33     0.439
   129/499     5.32G      0.88     0.254         0      1.13        16       320     0.572      1.81      1.36     0.449
   130/499     5.32G     0.882     0.254         0      1.14        16       224     0.563      1.86      1.41     0.453
   131/499     5.32G     0.869     0.245         0      1.11        16       448     0.583      1.78      1.32     0.456
   132/499     5.32G     0.878      0.25         0      1.13        15       416     0.576      1.77      1.29     0.479
   133/499     5.32G     0.887     0.249         0      1.14        16       256     0.579       1.8      1.38     0.426
   134/499     5.32G     0.891     0.253         0      1.14        16       480     0.559      1.83      1.36     0.473
   135/499     5.32G     0.878     0.256         0      1.13        16       480     0.592      1.78       1.3     0.477
   136/499     5.32G     0.885     0.254         0      1.14        16       448     0.551      1.88       1.4     0.482
   137/499     5.32G     0.871      0.25         0      1.12        16       288      0.54      1.85      1.43     0.425
   138/499     5.32G     0.864     0.251         0      1.12        16       224      0.59      1.71      1.26     0.455
   139/499     5.32G     0.887     0.251         0      1.14        16       480     0.578      1.81      1.38     0.438
   140/499     5.32G     0.878     0.248         0      1.13        16       320      0.58      1.72      1.29      0.43
   141/499     5.32G     0.855     0.246         0       1.1        15       224     0.612      1.62      1.18     0.437
best test iou: 0.612407386302948
   142/499     5.32G     0.849     0.248         0       1.1        16       480      0.57      1.81      1.34     0.472
   143/499     5.32G     0.864     0.251         0      1.12        15       480     0.552      1.81      1.38     0.433
   144/499     5.32G     0.872     0.247         0      1.12        15       416     0.581      1.74      1.32     0.419
   145/499     5.32G     0.911     0.248         0      1.16        16       224     0.589      1.76       1.3     0.459
   146/499     5.32G     0.887     0.253         0      1.14        16       384     0.566      1.83      1.39     0.443
   147/499     5.32G     0.862     0.254         0      1.12        15       320     0.596      1.79      1.37     0.417
   148/499     5.32G     0.869     0.247         0      1.12        16       288     0.544      1.95      1.45     0.499
   149/499     5.32G      0.88     0.248         0      1.13        16       352     0.587      1.77      1.28     0.492
   150/499     5.32G     0.851     0.244         0       1.1        16       224     0.609      1.74      1.28     0.455
   151/499     5.32G     0.844     0.249         0      1.09        16       384     0.599      1.67      1.23     0.442
   152/499     5.32G     0.874      0.25         0      1.12        16       256     0.588      1.81      1.33      0.48
   153/499     5.32G     0.839     0.248         0      1.09        16       384     0.587      1.75      1.32     0.432
   154/499     5.32G     0.863     0.252         0      1.11        16       384     0.597      1.69      1.23     0.465
   155/499     5.32G     0.865     0.255         0      1.12        16       384     0.576      1.86      1.41     0.453
   156/499     5.32G      0.85      0.24         0      1.09        16       448     0.572      1.76      1.32      0.44
   157/499     5.32G     0.853     0.249         0       1.1        16       448     0.563      1.81      1.39     0.423
   158/499     5.32G     0.849     0.252         0       1.1        15       448     0.597       1.7      1.27      0.43
   159/499     5.32G     0.868     0.248         0      1.12        16       224       0.6      1.66      1.24     0.421
   160/499     5.32G     0.874     0.246         0      1.12        15       448     0.578      1.81      1.36     0.452
   161/499     5.32G     0.871     0.249         0      1.12        16       416      0.55      1.82      1.39     0.429
   162/499     5.32G     0.888     0.248         0      1.14        16       256     0.524      1.93       1.5     0.435
   163/499     5.32G     0.868      0.25         0      1.12        16       256     0.596      1.69      1.23     0.454
   164/499     5.32G     0.851     0.244         0      1.09        15       288     0.598      1.69      1.24     0.445
   165/499     5.32G      0.88      0.25         0      1.13        15       320      0.59       1.7      1.26     0.432
   166/499     5.32G     0.865      0.25         0      1.11        16       352     0.587      1.72      1.26     0.455
   167/499     5.32G     0.897     0.253         0      1.15        16       448      0.59      1.69      1.26      0.43
   168/499     5.32G     0.879      0.25         0      1.13        16       480     0.554      1.83      1.36     0.469
   169/499     5.32G     0.866     0.244         0      1.11        16       256     0.603      1.73       1.3     0.424
   170/499     5.32G     0.864     0.249         0      1.11        16       224     0.562      1.81      1.38     0.434
   171/499     5.32G     0.871     0.248         0      1.12        16       480      0.56      1.81      1.36     0.452
   172/499     5.32G     0.889     0.248         0      1.14        16       416     0.523      1.91      1.43     0.479
   173/499     5.32G     0.906     0.251         0      1.16        16       320     0.581      1.77      1.34     0.431
   174/499     5.32G     0.868      0.25         0      1.12        16       224     0.519      1.97      1.56     0.411
   175/499     5.32G     0.888     0.249         0      1.14        16       288     0.568      1.83      1.34     0.492
   176/499     5.32G     0.867     0.248         0      1.12        16       288     0.594      1.64      1.21     0.434
   177/499     5.32G     0.865     0.247         0      1.11        16       416     0.589      1.73      1.28     0.451
   178/499     5.32G     0.839     0.244         0      1.08        16       352     0.602      1.71      1.26     0.456
   179/499     5.32G     0.861     0.246         0      1.11        15       384     0.575      1.79      1.33     0.461
   180/499     5.32G      0.89     0.247         0      1.14        16       480     0.576      1.82      1.35     0.465
   181/499     5.32G     0.868     0.252         0      1.12        16       416     0.582      1.77       1.3     0.461
   182/499     5.32G     0.857     0.243         0       1.1        16       480     0.612      1.66      1.23     0.432
best test iou: 0.612485945224762
   183/499     5.32G     0.849     0.245         0      1.09        16       256     0.602       1.6      1.17     0.437
   184/499     5.32G     0.845     0.245         0      1.09        16       256     0.599      1.65      1.21     0.441
   185/499     5.32G     0.845     0.248         0      1.09        16       224     0.594      1.69      1.26     0.425
   186/499     5.32G     0.827      0.24         0      1.07        16       256     0.596      1.62      1.19     0.427
   187/499     5.32G     0.864     0.254         0      1.12        15       224     0.583      1.74      1.29     0.447
   188/499     5.32G     0.879     0.248         0      1.13        16       288     0.562      1.79      1.37     0.423
   189/499     5.32G      0.86     0.247         0      1.11        15       256     0.612      1.64      1.22     0.416
   190/499     5.32G     0.865     0.248         0      1.11        16       448     0.568       1.8      1.37     0.435
   191/499     5.32G      0.88     0.249         0      1.13        15       288     0.598      1.73      1.28     0.443
   192/499     5.32G     0.862     0.245         0      1.11        16       416     0.568      1.84      1.38     0.461
   193/499     5.32G     0.881     0.245         0      1.13        16       416       0.6      1.76      1.29     0.464
   194/499     5.32G     0.892     0.247         0      1.14        16       224     0.529      1.97      1.52     0.445
   195/499     5.32G     0.873     0.249         0      1.12        16       384      0.61      1.69      1.27     0.428
   196/499     5.32G     0.878     0.249         0      1.13        15       480     0.578       1.8      1.34     0.455
   197/499     5.32G     0.872     0.246         0      1.12        16       416     0.533      1.95      1.42     0.528
   198/499     5.32G      0.84     0.245         0      1.08        16       256      0.58      1.84      1.37     0.466
   199/499     5.32G     0.841     0.242         0      1.08        16       256      0.56      1.81      1.34     0.468
   200/499     5.32G     0.868     0.244         0      1.11        16       320     0.588      1.72      1.25     0.468
   201/499     5.32G     0.882     0.247         0      1.13        15       256     0.577      1.81      1.35     0.463
   202/499     5.32G     0.861     0.247         0      1.11        16       416     0.576      1.76      1.33     0.433
   203/499     5.32G      0.86     0.243         0       1.1        15       288     0.601      1.71      1.21     0.491
   204/499     5.32G     0.832     0.246         0      1.08        16       288     0.558      1.84      1.42     0.422
   205/499     5.32G     0.838     0.243         0      1.08        15       384     0.586       1.8      1.32     0.476
   206/499     5.32G     0.845     0.245         0      1.09        16       448     0.601      1.74       1.3     0.431
   207/499     5.32G      0.85     0.241         0      1.09        16       416     0.553      1.89      1.44     0.451
   208/499     5.32G     0.816     0.241         0      1.06        16       352     0.577      1.76      1.32     0.439
   209/499     5.32G      0.86     0.245         0      1.11        16       288     0.608      1.73      1.28     0.452
   210/499     5.32G     0.875      0.24         0      1.11        16       416     0.592      1.73      1.27     0.452
   211/499     5.32G     0.856     0.243         0       1.1        16       352     0.591      1.77       1.3     0.472
   212/499     5.32G      0.85      0.24         0      1.09        16       384     0.609      1.67      1.22     0.448
   213/499     5.32G     0.832      0.24         0      1.07        16       416     0.593      1.73      1.28     0.443
   214/499     5.32G     0.849     0.243         0      1.09        16       448     0.583      1.72      1.25     0.466
   215/499     5.32G     0.869     0.246         0      1.12        15       288     0.567      1.76      1.32     0.448
   216/499     5.32G     0.843      0.24         0      1.08        16       416     0.575      1.76      1.31     0.448
   217/499     5.32G     0.867     0.247         0      1.11        16       480     0.607      1.77       1.3     0.472
   218/499     5.32G     0.858     0.248         0      1.11        15       224     0.524      1.93      1.45     0.474
   219/499     5.32G     0.861     0.248         0      1.11        16       448     0.565      1.76      1.31     0.448
   220/499     5.32G     0.861     0.243         0       1.1        16       256     0.593      1.71      1.25     0.461
   221/499     5.32G     0.849     0.241         0      1.09        16       416     0.603      1.69      1.23     0.454
   222/499     5.32G     0.855     0.241         0       1.1        16       416     0.581      1.81      1.34     0.467
   223/499     5.32G     0.853     0.245         0       1.1        15       448     0.568      1.77      1.31     0.464
   224/499     5.32G     0.858     0.238         0       1.1        16       224     0.578      1.74      1.32     0.417
   225/499     5.32G     0.851     0.241         0      1.09        16       320     0.563      1.77      1.34     0.432
   226/499     5.32G     0.828     0.242         0      1.07        16       448     0.588      1.68      1.27     0.405
   227/499     5.32G      0.85     0.241         0      1.09        16       224     0.607       1.7      1.23     0.465
   228/499     5.32G     0.811     0.241         0      1.05        16       448     0.583      1.74       1.3     0.438
   229/499     5.32G     0.841     0.245         0      1.09        16       256     0.576      1.79      1.31     0.478
   230/499     5.32G     0.868     0.242         0      1.11        16       416     0.593      1.73      1.28     0.454
   231/499     5.32G     0.891     0.246         0      1.14        16       256     0.572      1.79      1.36     0.429
   232/499     5.32G     0.855      0.24         0       1.1        16       288     0.562      1.88      1.42     0.455
   233/499     5.32G     0.843     0.239         0      1.08        16       224     0.577      1.79      1.34     0.448
   234/499     5.32G     0.863      0.24         0       1.1        16       416     0.506      1.97       1.5     0.466
   235/499     5.32G     0.874     0.242         0      1.12        16       352     0.598      1.75      1.28     0.467
   236/499     5.32G     0.833     0.243         0      1.08        16       256     0.563      1.84      1.39     0.452
   237/499     5.32G     0.846     0.237         0      1.08        15       352     0.567      1.84      1.36     0.479
   238/499     5.32G     0.864     0.241         0       1.1        16       448     0.572      1.77      1.31     0.453
   239/499     5.32G     0.827     0.242         0      1.07        16       224     0.542      1.87      1.43     0.441
   240/499     5.32G     0.832     0.239         0      1.07        16       416     0.581      1.74      1.32     0.423
   241/499     5.32G     0.835     0.241         0      1.08        16       320     0.566      1.83      1.37      0.46
   242/499     5.32G     0.812     0.242         0      1.05        16       352     0.554      1.86      1.38     0.476
   243/499     5.32G     0.808      0.24         0      1.05        16       448     0.584      1.72      1.28     0.442
   244/499     5.32G      0.87     0.237         0      1.11        16       320     0.572      1.85      1.39     0.459
   245/499     5.32G      0.87     0.244         0      1.11        16       416     0.594      1.69      1.25      0.44
   246/499     5.32G     0.854     0.243         0       1.1        16       352     0.631      1.62      1.21     0.414
best test iou: 0.6312368512153625
   247/499     5.32G     0.821     0.239         0      1.06        16       480     0.625      1.63       1.2     0.434
   248/499     5.32G     0.823     0.239         0      1.06        16       288      0.58      1.71      1.27      0.44
   249/499     5.32G     0.831     0.242         0      1.07        16       448       0.6      1.72      1.27     0.456
   250/499     5.32G     0.808     0.237         0      1.05        15       320     0.589      1.74      1.28     0.463
   251/499     5.32G     0.836     0.236         0      1.07        16       352     0.564      1.86      1.39     0.465
   252/499     5.32G     0.826     0.238         0      1.06        16       384     0.606      1.67      1.26     0.409
   253/499     5.32G     0.844      0.24         0      1.08        16       256     0.575      1.81      1.39     0.426
   254/499     5.32G     0.857     0.241         0       1.1        16       224     0.609      1.66      1.21      0.45
   255/499     5.32G     0.845     0.238         0      1.08        16       480     0.585      1.74      1.33     0.413
   256/499     5.32G      0.83     0.243         0      1.07        16       352     0.598      1.73      1.27     0.464
   257/499     5.32G      0.83      0.24         0      1.07        16       384     0.606      1.63       1.2     0.425
   258/499     5.32G     0.826     0.243         0      1.07        16       320     0.599      1.74      1.28     0.456
   259/499     5.32G     0.816     0.237         0      1.05        16       320     0.596      1.71      1.27     0.442
   260/499     5.32G     0.842     0.243         0      1.08        16       320     0.552      1.85      1.42     0.427
   261/499     5.32G     0.833     0.243         0      1.08        14       384     0.577      1.79      1.34     0.452
   262/499     5.32G     0.856     0.238         0      1.09        16       480      0.58      1.73       1.3     0.433
   263/499     5.32G     0.821     0.237         0      1.06        16       320     0.596      1.71      1.27      0.44
   264/499     5.32G     0.836     0.241         0      1.08        16       288     0.599      1.66      1.25     0.418
   265/499     5.32G     0.838     0.243         0      1.08        15       320     0.568      1.78      1.33     0.443
   266/499     5.32G     0.845     0.242         0      1.09        16       448     0.589      1.76      1.32     0.441
   267/499     5.32G     0.829     0.242         0      1.07        16       448     0.606      1.66      1.22     0.437
   268/499     5.32G     0.817     0.239         0      1.06        16       448     0.583      1.83      1.35     0.475
   269/499     5.32G      0.82     0.238         0      1.06        15       416      0.59      1.74       1.3     0.442
   270/499     5.32G     0.843     0.243         0      1.09        16       480     0.596      1.74      1.26     0.476
   271/499     5.32G     0.817     0.237         0      1.05        15       352     0.596      1.66      1.23     0.433
   272/499     5.32G      0.81     0.234         0      1.04        16       352     0.594      1.69      1.25     0.438
   273/499     5.32G     0.835     0.236         0      1.07        16       224     0.593      1.71      1.27      0.44
   274/499     5.32G     0.843     0.239         0      1.08        15       320     0.584      1.82      1.39     0.435
   275/499     5.32G     0.792     0.238         0      1.03        16       352     0.569      1.81      1.35     0.468
   276/499     5.32G     0.802     0.237         0      1.04        16       288     0.605      1.75      1.31     0.433
   277/499     5.32G     0.806     0.232         0      1.04        16       416     0.612      1.65      1.21      0.44
   278/499     5.32G     0.791     0.234         0      1.02        15       416     0.586      1.75       1.3     0.449
   279/499     5.32G     0.817     0.235         0      1.05        16       352     0.588      1.77      1.32     0.443
   280/499     5.32G     0.845      0.24         0      1.09        16       416     0.599      1.72      1.29     0.429
   281/499     5.32G     0.843     0.242         0      1.08        16       480     0.606       1.7      1.26     0.441
   282/499     5.32G     0.797     0.236         0      1.03        16       288     0.606      1.66      1.23     0.429
   283/499     5.32G     0.799     0.237         0      1.04        16       480     0.603      1.71      1.23      0.48
   284/499     5.32G     0.825     0.235         0      1.06        16       320     0.573      1.76      1.29     0.474
   285/499     5.32G     0.821      0.24         0      1.06        16       256     0.583      1.76      1.35     0.413
   286/499     5.32G     0.782     0.237         0      1.02        16       288     0.601      1.66      1.24     0.421
   287/499     5.32G     0.807     0.234         0      1.04        16       288     0.592      1.76      1.33     0.435
   288/499     5.32G     0.832     0.238         0      1.07        16       352     0.567      1.86      1.39     0.469
   289/499     5.32G     0.836     0.235         0      1.07        16       480     0.616      1.65      1.21     0.448
   290/499     5.32G       0.8     0.232         0      1.03        15       352     0.604       1.7      1.28     0.421
   291/499     5.32G     0.801      0.23         0      1.03        16       288     0.578      1.81      1.38     0.428
   292/499     5.32G     0.796     0.228         0      1.02        16       448     0.547      1.87      1.42      0.45
   293/499     5.32G     0.825     0.237         0      1.06        16       320     0.608      1.71      1.26     0.446
   294/499     5.32G     0.842     0.235         0      1.08        16       416     0.612      1.66      1.23     0.426
   295/499     5.32G     0.801     0.232         0      1.03        15       288     0.592      1.75      1.31     0.438
   296/499     5.32G     0.829     0.234         0      1.06        16       416     0.529      1.91      1.47     0.442
   297/499     5.32G     0.855      0.24         0       1.1        16       384      0.62      1.67      1.23     0.432
   298/499     5.32G      0.82     0.238         0      1.06        16       448     0.588       1.7      1.24     0.453
   299/499     5.32G     0.785     0.229         0      1.01        16       448     0.587      1.77      1.33     0.444
   300/499     5.32G     0.825     0.232         0      1.06        16       384     0.574      1.77      1.32     0.447
   301/499     5.32G     0.814     0.236         0      1.05        16       256     0.618      1.65      1.23     0.417
   302/499     5.32G     0.847     0.239         0      1.09        16       224      0.62      1.63      1.23     0.402
   303/499     5.32G     0.801     0.236         0      1.04        16       384     0.565      1.84      1.38     0.463
   304/499     5.32G     0.792     0.235         0      1.03        16       224     0.589      1.72      1.29     0.431
   305/499     5.32G     0.805     0.235         0      1.04        15       480     0.558      1.85      1.41     0.442
   306/499     5.32G     0.797     0.234         0      1.03        16       320     0.619      1.61      1.18     0.432
   307/499     5.32G     0.813     0.231         0      1.04        15       352     0.598      1.68      1.22     0.455
   308/499     5.32G     0.814     0.233         0      1.05        16       256     0.599      1.75      1.27     0.475
   309/499     5.32G     0.792      0.23         0      1.02        16       352      0.57      1.77      1.32     0.449
   310/499     5.32G     0.779     0.232         0      1.01        16       320     0.589       1.8      1.31     0.491
   311/499     5.32G     0.799     0.235         0      1.03        16       288     0.602      1.72      1.29     0.433
   312/499     5.32G     0.795     0.229         0      1.02        16       416     0.601       1.7      1.22     0.476
   313/499     5.32G     0.807     0.232         0      1.04        16       416     0.596      1.74      1.33     0.407
   314/499     5.32G     0.821     0.235         0      1.06        15       480     0.591       1.8      1.33     0.463
   315/499     5.32G     0.828     0.238         0      1.07        16       384     0.606      1.65      1.23     0.418
   316/499     5.32G     0.839     0.234         0      1.07        16       320     0.595      1.73      1.28     0.447
   317/499     5.32G     0.845      0.23         0      1.08        14       320     0.609      1.72      1.28     0.438
   318/499     5.32G     0.842     0.232         0      1.07        16       288      0.58      1.82       1.4     0.425
   319/499     5.32G     0.836     0.232         0      1.07        16       480     0.588       1.8      1.33     0.475
   320/499     5.32G      0.83     0.232         0      1.06        16       416     0.576      1.77      1.33      0.44
   321/499     5.32G     0.802     0.233         0      1.03        16       448     0.596      1.79      1.34     0.441
   322/499     5.32G     0.801     0.223         0      1.02        16       352     0.577       1.8      1.35     0.449
   323/499     5.32G     0.805      0.23         0      1.04        16       288     0.609      1.71      1.27     0.443
   324/499     5.32G     0.791     0.237         0      1.03        15       480     0.593      1.76      1.31     0.448
   325/499     5.32G     0.781     0.229         0      1.01        16       256     0.577      1.79      1.35     0.441
   326/499     5.32G     0.782     0.226         0      1.01        15       448     0.577       1.8      1.32     0.478
   327/499     5.32G     0.802     0.229         0      1.03        16       320      0.59      1.71      1.29     0.418
   328/499     5.32G     0.823      0.23         0      1.05        16       384     0.609      1.73      1.27     0.465
   329/499     5.32G     0.819     0.231         0      1.05        16       384     0.586      1.81      1.32     0.487
   330/499     5.32G      0.81     0.235         0      1.04        16       224     0.623      1.67      1.23     0.441
   331/499     5.32G     0.761     0.224         0     0.985        16       416     0.606      1.66       1.2     0.461
   332/499     5.32G     0.766     0.224         0     0.989        16       384     0.627      1.62      1.19     0.429
   333/499     5.32G     0.758     0.229         0     0.986        16       320     0.586      1.79      1.32     0.465
   334/499     5.32G     0.791     0.233         0      1.02        16       288     0.556      1.87      1.41     0.457
   335/499     5.32G     0.829     0.234         0      1.06        16       384     0.585      1.82      1.38     0.444
   336/499     5.32G     0.774     0.221         0     0.995        16       352     0.589      1.69      1.24     0.451
   337/499     5.32G     0.776     0.227         0         1        16       384     0.611      1.69      1.25     0.435
   338/499     5.32G      0.79     0.228         0      1.02        16       448     0.602      1.68      1.24     0.444
   339/499     5.32G     0.783     0.234         0      1.02        16       256     0.605      1.68      1.24     0.442
   340/499     5.32G     0.794     0.228         0      1.02        15       448     0.574      1.78      1.33     0.443
   341/499     5.32G     0.821     0.232         0      1.05        16       224     0.603       1.7      1.25     0.451
   342/499     5.32G     0.827     0.232         0      1.06        16       480     0.602       1.7      1.27     0.438
   343/499     5.32G     0.814     0.231         0      1.04        16       448     0.601      1.78      1.31     0.463
   344/499     5.32G     0.802     0.226         0      1.03        16       480     0.611      1.67      1.25     0.419
   345/499     5.32G     0.788     0.228         0      1.02        16       288     0.579      1.74      1.32     0.417
   346/499     5.32G     0.796     0.227         0      1.02        15       224     0.613      1.63       1.2     0.432
   347/499     5.32G     0.819     0.232         0      1.05        16       480     0.612      1.75      1.29     0.455
   348/499     5.32G     0.785     0.222         0      1.01        16       288      0.61      1.68      1.25      0.43
   349/499     5.32G     0.795     0.233         0      1.03        16       384     0.588       1.8      1.36     0.434
   350/499     5.32G     0.778     0.225         0         1        16       288     0.621      1.71      1.26     0.448
   351/499     5.32G     0.783     0.229         0      1.01        16       416     0.608      1.65       1.2     0.451
   352/499     5.32G     0.759     0.221         0     0.981        16       224     0.575      1.84      1.42      0.42
   353/499     5.32G     0.791     0.224         0      1.01        16       384     0.579      1.79      1.35     0.445
   354/499     5.32G     0.834     0.228         0      1.06        16       480     0.602      1.75      1.32      0.43
   355/499     5.32G     0.822     0.225         0      1.05        16       352     0.603      1.69      1.24     0.446
   356/499     5.32G     0.811     0.229         0      1.04        16       288     0.617       1.7      1.27     0.428
   357/499     5.32G     0.772     0.228         0         1        16       448     0.618      1.65      1.16     0.489
   358/499     5.32G     0.784     0.222         0      1.01        16       416     0.594      1.83      1.34     0.494
   359/499     5.32G     0.814      0.23         0      1.04        16       416     0.606      1.74      1.28     0.462
   360/499     5.32G     0.783     0.225         0      1.01        16       480     0.609      1.68      1.25     0.424
   361/499     5.32G     0.783     0.228         0      1.01        16       288     0.569      1.83      1.39     0.439
   362/499     5.32G     0.769     0.229         0     0.998        16       448     0.608      1.62      1.19     0.426
   363/499     5.32G     0.749     0.225         0     0.974        14       224     0.634       1.6      1.18     0.418
best test iou: 0.6339885592460632
   364/499     5.32G     0.754     0.223         0     0.977        16       224     0.596      1.69      1.23     0.466
   365/499     5.32G     0.756     0.226         0     0.982        16       480     0.598      1.74      1.31     0.434
   366/499     5.32G     0.764     0.225         0     0.989        16       416     0.605      1.69      1.25     0.447
   367/499     5.32G     0.764     0.225         0     0.989        16       480     0.569      1.88      1.39     0.485
   368/499     5.32G     0.767     0.224         0     0.991        15       416     0.591      1.82      1.37     0.449
   369/499     5.32G     0.782     0.229         0      1.01        16       256     0.611      1.68      1.25     0.431
   370/499     5.32G     0.759     0.223         0     0.982        16       288     0.594      1.74      1.29     0.452
   371/499     5.32G     0.758     0.224         0     0.982        16       288      0.61      1.69      1.26     0.429
   372/499     5.32G     0.779     0.218         0     0.998        16       256     0.606      1.77      1.33     0.447
   373/499     5.32G     0.805     0.224         0      1.03        16       352     0.607      1.74       1.3     0.443
   374/499     5.32G      0.83     0.228         0      1.06        16       448     0.598      1.77       1.3     0.466
   375/499     5.32G       0.8     0.227         0      1.03        16       320     0.584      1.76      1.33     0.429
   376/499     5.32G      0.81     0.221         0      1.03        16       224     0.618      1.61      1.19      0.42
   377/499     5.32G     0.799     0.226         0      1.02        16       416     0.586       1.8      1.34     0.454
   378/499     5.32G     0.777     0.226         0         1        16       320       0.6       1.7      1.27      0.43
   379/499     5.32G     0.764     0.218         0     0.982        15       288      0.59      1.77      1.32      0.45
   380/499     5.32G     0.795     0.221         0      1.02        15       320     0.604      1.71      1.25     0.459
   381/499     5.32G     0.799     0.225         0      1.02        16       320     0.612      1.75      1.28     0.471
   382/499     5.32G      0.81     0.232         0      1.04        15       480     0.589      1.82      1.36     0.461
   383/499     5.32G     0.781     0.225         0      1.01        15       448     0.579       1.7      1.27     0.438
   384/499     5.32G     0.745     0.218         0     0.963        16       448     0.589      1.79      1.31     0.479
   385/499     5.32G     0.744      0.22         0     0.964        16       352     0.596      1.72      1.29     0.436
   386/499     5.32G     0.731      0.22         0     0.951        16       352     0.568      1.83      1.38     0.456
   387/499     5.32G     0.739     0.221         0      0.96        16       352     0.627      1.63      1.15     0.478
   388/499     5.32G     0.805     0.223         0      1.03        16       256     0.604       1.7      1.26     0.442
   389/499     5.32G     0.808     0.222         0      1.03        16       416     0.608      1.69      1.26     0.428
   390/499     5.32G     0.823     0.229         0      1.05        15       416     0.623      1.69      1.24     0.451
   391/499     5.32G      0.82     0.226         0      1.05        16       480     0.587       1.8      1.33     0.462
   392/499     5.32G     0.808     0.223         0      1.03        16       416     0.603      1.72      1.31     0.414
   393/499     5.32G     0.793     0.224         0      1.02        16       256     0.611      1.67      1.23     0.439
   394/499     5.32G     0.747     0.223         0      0.97        16       352     0.598      1.72      1.26     0.461
   395/499     5.32G     0.774      0.22         0     0.994        16       448     0.589      1.73      1.28     0.451
   396/499     5.32G     0.768     0.216         0     0.984        16       480     0.608      1.73      1.27     0.461
   397/499     5.32G     0.758     0.222         0     0.981        15       256     0.593      1.71      1.26     0.448
   398/499     5.32G     0.729     0.214         0     0.943        16       480     0.617      1.64       1.2     0.439
   399/499     5.32G     0.732     0.217         0     0.949        16       224     0.617      1.72      1.25     0.462
   400/499     5.32G      0.75      0.22         0      0.97        16       320      0.62      1.66      1.21      0.45
   401/499     5.32G     0.747     0.217         0     0.964        16       416     0.598      1.76      1.27     0.481
   402/499     5.32G     0.751     0.219         0     0.971        16       416     0.596      1.69      1.26     0.427
   403/499     5.32G      0.75     0.218         0     0.968        16       288     0.615      1.68      1.24     0.436
   404/499     5.32G     0.737     0.215         0     0.952        16       320     0.621      1.66      1.21     0.445
   405/499     5.32G     0.739     0.216         0     0.956        16       448     0.632      1.61      1.17     0.438
   406/499     5.32G      0.77     0.222         0     0.993        16       480     0.569      1.82      1.38     0.436
   407/499     5.32G      0.74     0.217         0     0.957        16       480     0.577      1.81      1.34     0.476
   408/499     5.32G     0.714     0.217         0     0.931        16       224     0.605      1.72      1.25     0.473
   409/499     5.32G     0.764      0.22         0     0.984        16       416     0.626      1.64      1.22     0.424
   410/499     5.32G     0.802     0.221         0      1.02        16       224     0.639      1.64      1.21      0.43
best test iou: 0.6393874287605286
   411/499     5.32G     0.771      0.22         0      0.99        16       448     0.594       1.8      1.33      0.47
   412/499     5.32G     0.789     0.223         0      1.01        16       320     0.629      1.61      1.18     0.424
   413/499     5.32G     0.745     0.215         0      0.96        16       352     0.566      1.86       1.4     0.467
   414/499     5.32G     0.735      0.22         0     0.955        15       224      0.62      1.59      1.17     0.425
   415/499     5.32G     0.745     0.217         0     0.963        16       384     0.622      1.66      1.24     0.422
   416/499     5.32G     0.743     0.218         0      0.96        16       416     0.605      1.74      1.29     0.458
   417/499     5.32G     0.746     0.219         0     0.965        16       352     0.621      1.67      1.24     0.425
   418/499     5.32G     0.775     0.218         0     0.993        16       416     0.578      1.78      1.33     0.454
   419/499     5.32G     0.771     0.217         0     0.988        15       320     0.645       1.7      1.28     0.423
best test iou: 0.6450895071029663
   420/499     5.32G     0.748     0.217         0     0.965        15       480      0.58      1.84      1.34     0.494
   421/499     5.32G     0.718     0.214         0     0.932        16       288     0.604      1.71      1.26      0.45
   422/499     5.32G     0.699     0.212         0     0.912        16       352     0.625      1.63      1.18     0.451
   423/499     5.32G      0.71     0.214         0     0.924        16       352     0.619      1.65       1.2     0.457
   424/499     5.32G     0.716     0.213         0     0.929        15       480     0.615      1.69      1.21     0.482
   425/499     5.32G     0.726     0.217         0     0.944        16       384     0.622      1.61      1.17     0.441
   426/499     5.32G     0.715     0.219         0     0.934        16       480     0.605       1.7      1.26     0.441
   427/499     5.32G     0.712     0.213         0     0.925        16       256     0.602       1.7      1.25     0.443
   428/499     5.32G     0.731     0.216         0     0.947        16       352     0.622      1.63      1.19     0.441
   429/499     5.32G     0.728     0.211         0     0.939        15       448     0.594      1.77      1.32     0.451
   430/499     5.32G     0.731     0.218         0     0.949        16       352      0.61      1.67      1.24     0.436
   431/499     5.32G     0.719     0.212         0      0.93        15       480     0.598      1.74      1.28     0.464
   432/499     5.32G     0.714     0.216         0     0.931        15       448     0.598      1.74      1.32     0.422
   433/499     5.32G     0.774      0.22         0     0.994        16       384     0.605      1.71      1.29     0.423
   434/499     5.32G     0.749     0.215         0     0.964        15       384     0.592      1.77      1.33     0.447
   435/499     5.32G     0.762     0.217         0      0.98        16       416     0.611      1.67      1.24     0.428
   436/499     5.32G     0.735     0.214         0     0.949        16       480     0.621      1.62      1.19     0.436
   437/499     5.32G     0.691     0.206         0     0.898        16       384     0.625      1.63      1.18     0.454
   438/499     5.32G     0.683     0.208         0     0.891        16       480     0.607      1.71      1.27     0.444
   439/499     5.32G     0.694     0.209         0     0.903        16       320     0.619      1.63      1.21     0.423
   440/499     5.32G     0.716     0.214         0     0.929        14       480     0.615      1.62      1.21      0.41
   441/499     5.32G     0.704     0.209         0     0.913        15       224     0.601       1.7      1.27     0.428
   442/499     5.32G     0.709      0.21         0      0.92        16       320     0.635      1.64       1.2     0.439
   443/499     5.32G     0.708     0.207         0     0.915        16       320     0.611      1.65       1.2     0.453
   444/499     5.32G     0.721     0.213         0     0.934        15       256     0.632      1.63      1.19     0.432
   445/499     5.32G     0.747     0.212         0     0.959        16       320     0.622      1.68      1.23     0.454
   446/499     5.32G     0.732     0.213         0     0.945        16       320     0.624      1.64      1.22     0.425
   447/499     5.32G     0.695     0.207         0     0.902        16       480     0.625      1.64      1.18     0.453
   448/499     5.32G     0.683     0.208         0     0.891        16       480     0.628      1.64      1.19     0.451
   449/499     5.32G     0.708     0.211         0     0.919        16       320     0.636      1.62      1.18     0.442
   450/499     5.32G      0.74     0.217         0     0.958        16       448     0.604      1.71      1.27     0.434
   451/499     5.32G     0.759     0.217         0     0.976        16       224     0.631      1.63      1.21     0.425
   452/499     5.32G     0.754     0.214         0     0.968        16       448     0.625      1.66      1.23     0.432
   453/499     5.32G     0.743     0.213         0     0.955        16       224      0.59      1.78      1.33     0.445
   454/499     5.32G     0.738     0.212         0      0.95        16       352     0.637      1.62      1.19     0.433
   455/499     5.32G     0.741     0.215         0     0.956        16       288     0.611       1.7      1.24     0.461
   456/499     5.32G     0.758     0.213         0     0.971        15       352     0.635      1.65      1.21     0.437
   457/499     5.32G     0.732     0.206         0     0.938        15       320     0.632      1.66      1.21      0.45
   458/499     5.32G     0.725     0.211         0     0.936        16       352     0.626      1.62      1.19     0.428
   459/499     5.32G     0.708     0.211         0     0.919        16       480     0.618      1.67      1.22     0.455
   460/499     5.32G     0.711     0.211         0     0.923        15       480     0.629      1.66      1.19     0.465
   461/499     5.32G     0.712      0.21         0     0.922        16       224     0.616      1.64      1.22     0.429
   462/499     5.32G     0.719     0.214         0     0.933        16       320     0.627      1.69      1.26     0.429
   463/499     5.32G     0.734     0.211         0     0.945        16       224     0.627       1.7      1.28     0.417
   464/499     5.32G     0.741     0.215         0     0.956        16       352     0.611      1.74      1.28      0.46
   465/499     5.32G      0.76     0.212         0     0.973        16       416     0.619      1.66      1.24     0.423
   466/499     5.32G     0.761      0.21         0     0.971        16       224     0.615      1.65      1.24      0.41
   467/499     5.32G     0.751      0.21         0     0.961        16       320     0.598       1.7      1.29     0.409
   468/499     5.32G     0.759     0.216         0     0.975        16       352     0.628      1.69      1.26     0.428
   469/499     5.32G     0.771     0.213         0     0.985        15       256     0.607      1.67      1.26     0.415
   470/499     5.32G     0.771     0.214         0     0.985        16       480     0.616      1.78      1.34     0.445
   471/499     5.32G     0.772     0.214         0     0.986        16       320      0.61      1.71      1.28     0.426
   472/499     5.32G     0.785     0.216         0         1        16       480     0.619      1.73      1.28     0.442
   473/499     5.32G     0.783     0.211         0     0.994        16       384     0.631      1.66      1.23     0.428
   474/499     5.32G     0.786     0.214         0         1        16       448      0.62      1.72      1.28     0.436
   475/499     5.32G     0.782     0.216         0     0.998        16       288     0.623      1.66      1.22     0.436
   476/499     5.32G     0.767     0.213         0      0.98        16       384     0.602      1.77      1.31     0.455
   477/499     5.32G     0.754     0.207         0     0.961        16       288     0.624      1.73      1.28     0.442
   478/499     5.32G      0.75     0.209         0     0.959        16       352     0.609       1.7      1.27     0.426
   479/499     5.32G     0.749     0.217         0     0.967        15       224     0.625      1.64       1.2     0.438
   480/499     5.32G     0.768     0.215         0     0.983        16       480     0.621      1.74      1.29     0.444
   481/499     5.32G      0.77      0.21         0      0.98        16       256     0.617      1.73      1.27     0.454
   482/499     5.32G     0.763      0.21         0     0.973        15       256      0.63      1.67      1.24     0.434
   483/499     5.32G     0.765     0.214         0     0.979        16       256     0.626      1.66      1.24     0.421
   484/499     5.32G     0.777     0.211         0     0.988        16       384     0.614      1.72      1.28     0.448
   485/499     5.32G     0.762     0.215         0     0.978        16       416     0.607       1.8      1.36     0.449
   486/499     5.32G     0.764     0.214         0     0.978        16       224     0.631      1.65      1.24     0.414
   487/499     5.32G     0.764     0.215         0     0.979        16       224     0.605      1.68      1.25     0.433
   488/499     5.32G     0.778     0.214         0     0.993        16       224      0.63      1.64      1.23     0.411
   489/499     5.32G     0.772     0.213         0     0.985        16       352      0.63      1.61      1.19     0.422
   490/499     5.32G     0.773      0.21         0     0.983        15       224      0.64       1.6      1.17     0.428
   491/499     5.32G     0.772     0.211         0     0.984        16       352     0.596      1.78      1.32     0.459
   492/499     5.32G     0.763     0.212         0     0.975        16       320      0.61      1.73       1.3     0.425
   493/499     5.32G     0.739     0.205         0     0.944        16       256     0.634      1.65      1.22     0.433
   494/499     5.32G     0.743     0.206         0     0.949        16       224     0.636      1.62      1.18     0.438
   495/499     5.32G     0.753     0.209         0     0.962        16       224      0.62      1.69      1.26      0.43
   496/499     5.32G     0.745     0.211         0     0.957        16       224     0.628      1.65      1.22     0.428
   497/499     5.32G     0.731      0.21         0     0.941        16       288      0.63      1.67      1.24     0.437
   498/499     5.32G     0.742      0.21         0     0.952        16       352     0.631      1.64      1.22      0.42
   499/499     5.32G     0.734     0.213         0     0.946        15       256     0.631      1.64       1.2     0.438
